zad.1
20102022	0
10051011	1
5025505		1
2512752		0
1256376		0
628188		0
314094		0
157047		1
78523		1
39261		1
19630		0
9815		1
4907		1
2453		1
1226		0
613		1
306		0
153		1
76		0
38		0
19		1
9		1
4		0
2		0
1		1

1-0011-0010-1011-1011-1000-0110 
1   3    2    B    B    8    6  (16)

1-001-100-101-011-101-110-000-110
1  1   4   5   3   5   6   0   6  (8)


zad.2
121222096	0
60611048	0
30305524	0
15152762	0
7576381		1
3788190		0
1894095		1
947047		1
473523		1
236761		1
118380		0
59190		0
29595		1
14797		1
7398		0
3699		1
1849		1
924		0
462		0
231		1
115		1
57		1
28		0
14		0
7		1
3		1
1		1

111-0011-1001-1011-0011-1101-0000
 7    3    9    B    3    B    0    (16)

111-001-110-011-011-001-111-010-000
7    1   6    3   3   1   7  2   0    (8)